Biome	SWRad	Tavg	Tmin	VPD	Fpar	LAI
11	78.399902	-11.554998	-16.449987	0.000000	0	0
 	81.199951	-10.999998	-18.450003	0.000000	23	3
 	80.699951	-7.550009	-12.850012	0.097062	21	4
 	80.199951	-6.554998	-10.160009	0.000000	31	7
 	80.399902	-7.355001	-12.660009	0.000000	45	12
 	49.199951	-2.050009	-5.250006	0.000000	46	12
 	64.399902	1.600000	1.149988	14.062392	42	11
 	71.899902	3.195001	0.050012	0.000000	38	9
 	74.500000	-1.400000	-3.549994	31.758566	35	7
 	64.500000	2.945001	-0.660010	0.000000	26	5
 	82.899902	-6.005011	-12.660009	26.865242	31	5
 	77.500000	-12.199995	-18.950003	0.000000	58	12
 	50.699951	-2.349997	-5.750006	0.000000	 	 
 	81.899902	-2.750006	-6.750006	0.000000	 	 
 	58.199951	1.299982	0.649988	9.205072	 	 
 	58.399902	-2.355002	-5.049994	0.000000	 	 
 	77.399902	-3.599997	-6.250006	22.854511	 	 
 	92.699951	-6.255011	-9.160009	21.746593	 	 
 	92.699951	-7.650000	-11.350012	0.000000	 	 
 	94.199951	-10.400000	-17.049994	0.000000	 	 
 	97.899902	-9.505003	-17.349997	0.000000	 	 
 	100.399902	-4.054999	-7.449988	3.897889	 	 
 	92.899902	-5.804998	-9.449987	0.000000	 	 
 	103.500000	-8.400000	-13.350012	0.000000	 	 
 	91.399902	-2.505011	-5.160010	0.000000	 	 
 	87.699951	0.649988	-0.350012	0.000000	 	 
 	93.699951	2.894983	0.949976	41.433117	 	 
 	89.899902	4.699975	1.949976	2.387635	 	 
 	61.199951	6.499994	4.749994	0.000000	 	 
 	61.199951	6.599985	4.949975	27.392708	 	 
 	54.399902	5.044992	3.339990	20.324940	 	 
 	108.000000	-1.950003	-6.549994	92.475838	 	 
 	108.199951	-5.999991	-7.449988	0.701117	 	 
 	110.699951	-12.399992	-19.349997	50.320328	 	 
 	100.699951	-10.699995	-18.950003	0.000000	 	 
 	93.699951	-0.550009	-2.250006	0.000000	 	 
 	78.199951	2.150003	0.550012	0.000000	 	 
 	84.199951	2.199991	-0.250006	35.080238	 	 
 	101.699951	-1.600012	-4.350012	3.583852	 	 
 	136.699951	-1.650000	-5.549994	0.000000	 	 
 	132.000000	1.144998	-0.549994	40.847088	 	 
 	105.199951	2.445001	-0.660010	0.000000	 	 
 	141.199951	-0.255011	-1.350012	0.000000	 	 
 	139.000000	-0.599997	-2.250006	0.000000	 	 
 	122.199951	-0.400000	-1.949988	0.000000	 	 
 	108.500000	0.599985	0.249994	0.000000	 	 
 	127.000000	-0.300009	-1.549994	13.061981	 	 
 	126.699951	0.044992	-1.250006	0.000000	 	 
 	114.000000	0.544992	0.249994	0.000000	 	 
 	147.199951	-1.304999	-2.949988	0.000000	 	 
 	131.699951	-3.450003	-5.350012	8.657583	 	 
 	165.899902	-6.150000	-9.549994	40.646954	 	 
 	166.899902	-4.249990	-8.549994	0.000000	 	 
 	95.699951	-0.005011	-2.160010	0.000000	 	 
 	137.000000	-0.554999	-3.660010	0.000000	 	 
 	135.699951	-0.255011	-1.350012	7.074063	 	 
 	156.699951	-0.099997	-1.250006	1.265157	 	 
 	129.199951	-0.499991	-1.549994	0.622760	 	 
 	181.399902	-5.449987	-10.449987	0.000000	 	 
 	117.199951	-2.550009	-6.350012	0.000000	 	 
 	144.899902	2.544992	-4.660010	0.000000	 	 
 	183.199951	4.999994	2.949975	99.180145	 	 
 	150.000000	8.099985	4.249994	14.539083	 	 
 	110.199951	9.599985	6.949975	87.150986	 	 
 	153.699951	10.894983	7.339990	153.618729	 	 
 	170.399902	10.949991	7.249994	192.019165	 	 
 	156.699951	8.199976	2.949975	64.460609	 	 
 	106.399902	-0.705008	-4.250006	8.118077	 	 
 	85.699951	-2.150000	-3.850012	0.000000	 	 
 	139.699951	1.650003	-1.449988	27.428297	 	 
 	131.899902	2.750009	-1.549994	0.000000	 	 
 	143.899902	2.949991	-0.850012	17.699631	 	 
 	93.399902	1.650003	-0.750006	0.000000	 	 
 	109.699951	1.449991	0.149988	20.213337	 	 
 	153.699951	-3.554999	-6.949988	0.000000	 	 
 	223.699951	-5.650000	-9.549994	2.719953	 	 
 	213.199951	-3.205008	-7.160010	0.000000	 	 
 	206.399902	-0.900000	-2.949988	0.000000	 	 
 	190.199951	-0.849997	-2.949988	0.000000	 	 
 	174.699951	0.244989	-0.850012	0.000000	 	 
 	129.699951	3.294992	0.749994	0.000000	 	 
 	166.500000	4.849985	2.249994	53.233753	 	 
 	198.399902	5.644983	1.949976	113.483368	 	 
 	137.899902	5.945002	2.550012	7.518659	 	 
 	217.899902	7.044992	3.339990	80.435249	 	 
 	251.899902	7.099985	1.949976	114.540771	 	 
 	258.899902	7.600000	2.550012	168.227463	 	 
 	259.199951	8.445002	4.050012	136.440018	 	 
 	263.699951	8.695002	4.550012	210.238434	 	 
 	256.899902	7.749994	2.949975	127.475388	 	 
 	145.199951	6.999994	4.249994	50.665157	 	 
 	179.699951	9.449976	6.949975	66.405693	 	 
 	147.500000	8.350000	6.050012	54.315376	 	 
 	253.899902	7.400003	4.249994	148.668518	 	 
 	247.699951	0.100000	-4.449988	143.694778	 	 
 	277.399902	0.839990	-4.660010	93.026398	 	 
 	222.199951	5.749994	0.749994	0.000000	 	 
 	193.199951	10.144983	5.839990	42.197632	 	 
 	183.000000	11.894983	7.949975	175.634689	 	 
 	248.399902	11.850000	7.050012	162.687775	 	 
 	269.399902	13.999994	8.749994	218.189133	 	 
 	168.500000	13.650003	9.550013	121.804718	 	 
 	256.699951	11.044992	6.749994	189.361755	 	 
 	265.199951	10.549982	3.649988	142.190262	 	 
 	192.000000	12.149988	6.649988	103.843987	 	 
 	223.699951	12.999994	8.449976	0.000000	 	 
 	215.199951	15.300013	11.050013	130.815201	 	 
 	273.399902	14.445002	10.550013	104.858490	 	 
 	317.500000	12.100000	8.649988	231.813065	 	 
 	276.899902	12.449991	8.149988	282.129211	 	 
 	222.399902	11.199991	7.649988	57.986988	 	 
 	242.699951	9.100000	6.050012	152.837402	 	 
 	323.199951	9.549982	4.449975	288.000183	 	 
 	331.699951	9.599985	3.949975	309.495758	 	 
 	334.500000	10.350000	4.550012	398.683502	 	 
 	336.000000	12.544992	5.749994	460.998260	 	 
 	334.199951	15.149988	7.649988	533.000610	 	 
 	325.699951	16.699991	10.149988	550.633057	 	 
 	188.699951	15.150003	10.749994	354.532837	 	 
 	237.699951	13.050013	8.050013	219.162735	 	 
 	337.000000	12.195002	6.839990	347.915497	 	 
 	306.899902	14.499994	8.050013	496.435608	 	 
 	252.899902	9.549982	3.149988	293.174652	 	 
 	193.199951	6.300013	0.550012	126.287277	 	 
 	321.199951	3.744989	-0.660010	121.979248	 	 
 	322.199951	4.049997	-1.549994	197.632126	 	 
 	334.500000	4.494989	-3.660010	170.194733	 	 
 	333.199951	9.445002	3.050012	450.204254	 	 
 	310.899902	12.649988	6.649988	557.232300	 	 
 	183.199951	11.849985	7.749994	383.446625	 	 
 	316.699951	13.894983	8.339991	424.112701	 	 
 	295.899902	14.994989	9.649988	466.438538	 	 
 	268.199951	8.699991	3.149988	214.720581	 	 
 	245.899902	6.949976	1.449976	118.959785	 	 
 	259.899902	11.249994	6.249994	159.993881	 	 
 	226.699951	12.899988	7.649988	161.754852	 	 
 	226.399902	14.894983	9.449976	213.974533	 	 
 	229.699951	10.445002	8.050013	0.000000	 	 
 	276.699951	9.400003	7.550012	104.805405	 	 
 	229.399902	10.044992	6.749994	7.904642	 	 
 	324.199951	10.339991	5.839990	167.303009	 	 
 	375.500000	10.699976	3.949975	186.770493	 	 
 	373.199951	12.999994	5.550012	315.059296	 	 
 	381.199951	15.900003	9.249994	593.483582	 	 
 	326.199951	17.894983	11.949976	685.247803	 	 
 	249.399902	18.999994	14.050013	746.307495	 	 
 	243.399902	17.850000	12.149988	414.545197	 	 
 	222.699951	16.244989	13.649988	33.063156	 	 
 	307.399902	16.600000	12.050013	211.005661	 	 
 	374.699951	16.999994	9.449976	601.155762	 	 
 	382.000000	18.199991	9.749994	568.393311	 	 
 	297.699951	20.144983	14.449976	514.680176	 	 
 	252.399902	14.494989	11.649988	0.000000	 	 
 	333.199951	14.044992	10.249994	0.000000	 	 
 	374.699951	17.400003	11.749994	493.521606	 	 
 	368.000000	19.199976	12.449976	873.092590	 	 
 	377.500000	20.994989	14.339991	1120.566406	 	 
 	313.399902	22.999994	16.050013	1219.013672	 	 
 	353.500000	24.394983	17.839991	1416.358765	 	 
 	337.399902	25.600000	19.649988	1513.340454	 	 
 	370.000000	26.949989	20.749994	1840.619141	 	 
 	351.500000	27.449974	21.449976	1939.750488	 	 
 	385.000000	24.249994	17.449976	1644.985596	 	 
 	375.000000	23.249994	15.249994	1247.375366	 	 
 	377.699951	19.900003	13.050013	1069.027954	 	 
 	396.500000	18.695002	11.339991	1074.991577	 	 
 	392.000000	21.299982	10.949976	1196.718140	 	 
 	380.000000	24.099985	16.449976	1589.280029	 	 
 	349.699951	26.349998	19.149988	1913.897583	 	 
 	307.699951	26.549980	19.649988	1636.715698	 	 
 	304.199951	24.999994	19.050013	1373.352539	 	 
 	328.399902	23.600000	18.149988	1506.588379	 	 
 	360.000000	23.044992	16.749994	1499.680298	 	 
 	392.000000	23.695002	17.550013	1671.226929	 	 
 	307.199951	24.339991	18.839991	1517.662964	 	 
 	295.699951	24.600000	19.649988	1248.579224	 	 
 	287.399902	22.199991	17.149988	719.976685	 	 
 	267.199951	19.899988	16.149988	300.847443	 	 
 	233.699951	19.695002	16.550013	43.247402	 	 
 	229.199951	20.149988	17.149988	20.889137	 	 
 	232.199951	19.894983	17.339991	0.000000	 	 
 	245.399902	20.299982	17.449976	0.000000	 	 
 	232.199951	20.244989	16.339991	97.444717	 	 
 	267.199951	20.849985	16.249994	9.525414	 	 
 	282.199951	21.149988	17.649988	0.000000	 	 
 	290.699951	22.099985	18.749994	23.855730	 	 
 	361.699951	23.549982	18.649988	530.683777	 	 
 	348.699951	24.949991	18.149988	964.017883	 	 
 	381.199951	25.299980	17.949976	1610.265747	 	 
 	387.699951	25.299980	16.149988	1743.701050	 	 
 	352.500000	27.044991	19.249994	1592.830933	 	 
 	364.699951	19.244989	13.839991	865.974670	 	 
 	385.000000	19.249994	12.249994	992.361023	 	 
 	372.500000	21.445002	12.339991	898.075867	 	 
 	361.199951	24.394983	17.839991	1413.389526	 	 
 	366.500000	24.794991	17.339991	1566.270752	 	 
 	376.500000	25.799980	19.149988	1893.654175	 	 
 	374.500000	25.749992	17.949976	1945.874512	 	 
 	343.500000	27.050011	20.050013	1945.555298	 	 
 	300.699951	25.195002	20.050013	1235.230957	 	 
 	335.000000	21.599985	17.249994	956.342529	 	 
 	229.699951	20.249994	17.050013	363.188019	 	 
 	276.199951	18.994989	16.339991	143.082306	 	 
 	320.699951	22.399988	16.649988	526.856201	 	 
 	312.199951	23.949991	17.649988	714.830811	 	 
 	308.399902	24.945000	16.839991	789.848816	 	 
 	349.500000	25.549982	19.449976	1134.032471	 	 
 	351.500000	27.544991	19.749994	1761.657837	 	 
 	344.699951	29.349983	22.249994	2503.048340	 	 
 	278.899902	28.994987	22.839991	2428.699951	 	 
 	257.699951	28.449989	21.249994	2120.156738	 	 
 	295.899902	27.800011	20.550013	1853.721924	 	 
 	268.699951	25.744989	19.839991	1017.659851	 	 
 	330.199951	23.449976	17.949976	750.095947	 	 
 	317.899902	22.494989	16.339991	806.596497	 	 
 	196.699951	23.394983	18.449976	863.655518	 	 
 	238.199951	21.650003	16.249994	775.504089	 	 
 	315.899902	20.695002	14.839991	891.327881	 	 
 	289.199951	22.249994	15.449976	996.684204	 	 
 	306.199951	22.499994	14.249994	1061.122437	 	 
 	299.899902	26.394981	17.339991	1925.732300	 	 
 	302.199951	27.394981	18.949976	1778.238647	 	 
 	318.399902	28.099998	18.649988	2214.510010	 	 
 	251.199951	29.599998	22.050013	2422.593506	 	 
 	177.500000	26.445002	21.050013	1374.679688	 	 
 	265.699951	24.900003	19.050013	880.653687	 	 
 	296.399902	19.839991	14.339991	663.300903	 	 
 	321.500000	21.600000	14.149988	1183.321167	 	 
 	285.199951	22.144983	13.949976	1086.190918	 	 
 	303.399902	20.299982	12.449976	806.080200	 	 
 	307.399902	22.049980	11.449976	1257.046631	 	 
 	265.399902	26.949989	18.749994	2277.177490	 	 
 	264.399902	27.899986	18.649988	2130.234619	 	 
 	274.699951	23.044992	16.839991	1449.573975	 	 
 	238.699951	22.744989	15.649988	1466.516724	 	 
 	233.199951	19.644983	14.449976	667.280334	 	 
 	281.699951	19.294992	13.749994	846.425903	 	 
 	167.199951	17.499994	14.249994	932.005981	 	 
 	141.699951	17.349985	13.749994	942.487427	 	 
 	249.699951	18.945002	13.050013	1358.127686	 	 
 	272.699951	15.900003	7.249994	1011.811768	 	 
 	261.199951	17.100000	7.149988	811.158325	 	 
 	262.399902	19.599985	11.249994	925.352661	 	 
 	261.899902	19.695002	11.839991	1089.640259	 	 
 	281.399902	15.544992	10.249994	918.025330	 	 
 	287.199951	15.049982	8.649988	867.368958	 	 
 	284.699951	15.445002	8.550013	957.292175	 	 
 	279.699951	17.849985	10.949976	1117.063965	 	 
 	263.399902	19.800013	12.550013	1248.364136	 	 
 	211.699951	22.644983	16.839991	1754.733154	 	 
 	86.199951	22.499994	19.949976	1713.378662	 	 
 	194.399902	23.350000	17.149988	1601.716431	 	 
 	216.699951	22.644983	15.949976	1478.438599	 	 
 	243.699951	18.999994	13.449976	986.526245	 	 
 	199.899902	12.599985	7.749994	437.109650	 	 
 	253.199951	10.044992	3.839990	331.325073	 	 
 	230.199951	9.099985	1.449976	327.663452	 	 
 	227.699951	11.549982	0.649988	592.967590	 	 
 	183.199951	9.299982	3.449975	391.296204	 	 
 	232.399902	8.394999	-0.549994	362.609558	 	 
 	239.699951	8.850000	-1.449988	400.212555	 	 
 	240.199951	10.195002	2.050012	346.124268	 	 
 	240.699951	12.089991	5.339990	585.259888	 	 
 	226.699951	10.099985	2.449975	424.314514	 	 
 	222.199951	9.100000	-1.549994	394.018341	 	 
 	202.199951	10.994989	0.839990	376.786438	 	 
 	183.399902	15.749994	8.449976	502.561554	 	 
 	151.699951	17.199991	11.749994	391.659821	 	 
 	199.399902	18.499994	13.249994	569.093140	 	 
 	116.000000	19.849985	15.749994	726.969238	 	 
 	195.699951	15.600000	8.050013	435.029297	 	 
 	191.899902	17.400003	8.050013	779.870850	 	 
 	196.699951	22.044992	13.749994	1180.132812	 	 
 	203.699951	20.195002	10.339991	1064.064453	 	 
 	197.399902	22.649986	11.149988	1299.798950	 	 
 	194.399902	23.749994	16.050013	1642.164917	 	 
 	198.199951	20.945002	14.339991	1543.416138	 	 
 	194.899902	20.449976	13.949976	1410.985229	 	 
 	189.699951	20.744989	15.149988	1327.310669	 	 
 	179.199951	20.949991	15.749994	1233.768066	 	 
 	173.899902	19.599985	13.749994	855.498291	 	 
 	174.899902	14.695002	11.339991	578.326355	 	 
 	61.899902	13.994989	11.149988	254.635742	 	 
 	151.199951	10.994989	7.649988	178.337601	 	 
 	168.199951	9.600000	5.149988	171.932236	 	 
 	161.699951	11.850000	6.649988	487.781403	 	 
 	161.500000	9.599985	4.949975	392.431702	 	 
 	109.000000	9.195002	5.550012	168.195084	 	 
 	147.699951	7.445002	5.050012	150.962067	 	 
 	136.899902	5.000010	-0.549994	197.992996	 	 
 	129.399902	3.294992	-2.160010	29.752439	 	 
 	145.199951	2.249994	-2.250006	75.363876	 	 
 	132.699951	1.894983	-2.160010	129.139526	 	 
 	108.899902	1.449991	-1.549994	73.090317	 	 
 	83.699951	0.100000	-1.850012	22.157391	 	 
 	143.699951	1.249994	-2.250006	46.677734	 	 
 	145.399902	1.600000	-2.049994	91.420326	 	 
 	148.399902	-0.800009	-2.549994	0.000000	 	 
 	139.399902	-0.249991	-2.049994	0.000000	 	 
 	53.500000	6.644983	0.839990	0.000000	 	 
 	94.699951	8.445002	6.050012	30.702049	 	 
 	119.399902	5.299982	4.149988	30.205301	 	 
 	129.699951	6.044992	4.339990	29.651123	 	 
 	100.899902	4.249994	1.050012	0.964998	 	 
 	123.399902	5.900003	1.249994	0.000000	 	 
 	124.199951	7.349985	4.449975	93.317436	 	 
 	104.699951	9.150003	5.550012	179.898529	 	 
 	100.899902	8.195002	4.339990	128.833923	 	 
 	120.699951	1.799982	-2.850012	70.461693	 	 
 	104.899902	1.600000	-3.949988	106.676262	 	 
 	114.699951	1.350000	-3.850012	1.600986	 	 
 	113.899902	-5.550009	-11.250006	30.652649	 	 
 	119.199951	-10.349997	-13.449987	34.455944	 	 
 	116.899902	-9.499990	-16.049994	57.496910	 	 
 	104.699951	-7.054998	-15.449987	0.000000	 	 
 	72.000000	0.400003	-2.949988	7.802453	 	 
 	85.500000	2.399988	1.149988	51.979847	 	 
 	90.699951	6.299982	3.149988	24.446239	 	 
 	65.699951	5.699991	1.649988	48.699909	 	 
 	71.199951	-3.900000	-8.449987	3.611822	 	 
 	107.199951	-12.349997	-18.650000	0.000000	 	 
 	88.699951	-9.205008	-12.250006	0.000000	 	 
 	57.000000	-2.900015	-6.250006	0.000000	 	 
 	100.000000	-8.400000	-11.750006	3.185237	 	 
 	69.000000	-6.255011	-8.660009	0.000000	 	 
 	97.199951	-4.249991	-6.449988	0.000000	 	 
 	84.500000	-5.410009	-8.660009	0.000000	 	 
 	51.500000	-10.849997	-12.250006	0.000000	 	 
 	78.199951	-10.705008	-12.660009	7.374127	 	 
 	78.199951	-13.750006	-15.250006	6.836812	 	 
 	81.000000	-11.300001	-17.849997	2.156852	 	 
 	82.000000	-14.155005	-18.150000	0.000000	 	 
 	86.199951	-13.000006	-16.750006	0.000000	 	 
 	87.199951	-6.699987	-12.949987	0.000000	 	 
 	72.699951	-0.255011	-1.350012	0.000000	 	 
 	80.000000	0.150003	-0.750006	0.000000	 	 
 	57.699951	-0.300009	-1.750006	0.000000	 	 
 	77.199951	-0.900000	-3.049994	0.000000	 	 
 	69.500000	1.649988	1.149988	8.624865	 	 
 	70.000000	-0.554999	-2.660010	0.000000	 	 
 	79.500000	-4.199987	-9.449987	17.393639	 	 
 	55.500000	-1.705008	-4.750006	0.000000	 	 
 	72.199951	0.394983	-2.160010	15.139852	 	 
 	74.699951	0.994989	-1.850012	9.698995	 	 
 	72.000000	4.100000	1.649988	58.891033	 	 
 	68.199951	2.445001	0.339990	34.240562	 	 
 	71.000000	0.144983	-2.160010	23.477308	 	 
 	56.699951	0.494989	-2.850012	0.000000	 	 
 	53.199951	4.894983	2.449975	43.940788	 	 
 	30.399902	5.350000	2.550012	0.000000	 	 
 	46.899902	4.099985	0.249994	0.000000	 	 
 	53.199951	-0.150015	-3.750006	0.000000	 	 
 	51.899902	2.749994	1.050012	0.000000	 	 
 	55.899902	6.199975	4.449975	11.332666	 	 
 	35.199951	5.150003	1.249994	0.000000	 	 
 	70.699951	-4.304998	-9.949987	59.145344	 	 
 	73.199951	-7.499990	-10.549994	5.385793	 	 
 	73.199951	-7.650000	-9.549994	0.000000	 	 
 	53.899902	-3.505011	-6.350012	0.000000	 	 
 	47.899902	1.445001	-0.949988	0.000000	 	 
 	62.399902	5.499994	3.449975	0.000000	 	 
 	50.199951	3.850000	-0.350012	0.000000	 	 
 	30.399902	3.699991	-1.850012	0.000000	 	 
 	70.899902	0.945001	-3.449988	104.167305	 	 
 	71.699951	-3.849997	-7.250006	39.784180	 	 
